    SDSSID            arrloc redshift ebmv   ha_sfr oha_sfr_cor 2_sfr  nuv_sfr  fuv_sfr  L_fuv(ergs/s)  o3_sig  sig_stars
    587725073921409255    0   0.300   0.133    9.02   12.45     6.69     7.74     7.44  1.042E+44   77.519  450.000
    588848899919446344    3   0.225   0.083    3.65    4.47     1.86     1.62     1.32  1.851E+43   66.630  450.000
    587725576962244831    9   0.347   0.214   14.89   24.98     8.28   -99.00   -99.00 -9.900E+01  100.133  264.021
    587731187273892048   14   0.277   0.143    7.85   11.11     6.52     6.57     7.09  9.930E+43   85.445  450.000
    587731513693503653   17   0.304   0.095   11.29   14.22     9.04     7.67     7.80  1.093E+44  103.220  450.000
    587724233716596882   22   0.280   0.118   10.05   13.37     8.06    12.66    10.95  1.534E+44   91.203  450.000
    587727179006148758   27   0.165   0.000    8.72    8.72     3.15   -99.00   -99.00 -9.900E+01   77.210  450.000
    587724241767825591   28   0.162   0.052   10.08   11.44     7.50   -99.00   -99.00 -9.900E+01   80.298  256.127
    587724240158589061   29   0.261   0.101   22.69   28.96    17.60    10.38    14.28  2.000E+44  115.692  450.000
    587726032778559604   32   0.303   0.047    7.81    8.75     5.65     8.09     9.61  1.345E+44   95.473  450.000
    587726032253419628   33   0.239   0.000   25.24   25.24    17.70   -99.00   -99.00 -9.900E+01   90.860  314.650
    588010360138367359   43   0.219   0.121    4.92    6.60     3.51   -99.00   -99.00 -9.900E+01   70.290  380.659
    587726102030451047   48   0.231   0.107    7.58    9.83     4.10   -99.00   -99.00 -9.900E+01   89.048  450.000
    587729155743875234   49   0.241   0.050    4.81    5.43     2.94    11.21    11.51  1.612E+44   68.321  450.000
    587728919520608387   54   0.230   0.126    9.43   12.80     5.86    10.17    10.32  1.445E+44   89.587  350.847
    587729229297090692   56   0.214   0.187    4.02    6.32     2.53     5.33     3.13  4.387E+43   61.488  238.627
    587725818034913419   57   0.294   0.000   16.81   16.81    13.75    19.63    24.95  3.495E+44  102.387  450.000
    587730774416883967   62   0.294   0.113   18.85   24.78    16.31   -99.00   -99.00 -9.900E+01   89.567  440.991
    587730774965354630   63   0.214   0.000    3.32    3.32     1.85   -99.00   -99.00 -9.900E+01   70.471  140.998
    587728906099687546   66   0.273   0.216   34.91   58.83    27.17     7.91    14.55  2.038E+44  116.713  450.000
    587725550133444775   67   0.334   0.000    3.76    3.76     3.93     8.41     9.07  1.270E+44   70.775   40.954
    588009371762098262   68   0.205   0.139    3.99    5.59     2.09     2.92     2.83  3.960E+43   75.997   19.940
    588011122502336742   69   0.262   0.327    5.90   13.02     2.69   -99.00     4.87  6.815E+43   83.560  320.857
    588011103712706632   74   0.279   0.241   13.33   23.88     8.14     4.17     7.67  1.075E+44  107.461  378.759
    588013384341913605   79   0.181   0.030   13.33   14.35     9.15    12.85    11.09  1.554E+44  109.178  450.000
    587732134315425958   80   0.348   0.121   17.31   23.17    10.14    26.18    22.86  3.202E+44  108.973  450.000
    587729777439801619   81   0.274   0.221    5.05    8.63     2.91   -99.00   -99.00 -9.900E+01   76.573  450.000
    587729777446945029   82   0.294   0.125   14.92   20.22     5.67    10.23    11.49  1.609E+44   96.910  175.880
    587732152555864324   84   0.155   0.098    2.57    3.26     1.02   -99.00   -99.00 -9.900E+01   26.190  438.742
    587732578845786234   90   0.253   0.085    4.92    6.04     3.67   -99.00     4.06  5.682E+43   64.003  450.000
    587733080270569500   91   0.253   0.075   23.03   27.59    15.60    18.53    25.76  3.608E+44  116.610  450.000
    588297864714387604  102   0.306   0.146   15.07   21.46    11.89    12.62    13.47  1.887E+44  113.804  450.000
    587735695911747673  115   0.229   0.093    2.57    3.22     3.44     5.80    10.07  1.411E+44   86.625    6.903
    587735696987717870  116   0.227   0.092    3.23    4.04     2.47   -99.00   -99.00 -9.900E+01   68.259  450.000
    587733441055359356  118   0.291   0.000    6.56    6.56     4.60     8.46     8.55  1.197E+44   80.795  167.648
    588017605211390138  121   0.237   0.121    6.59    8.83     3.13     3.51     6.31  8.839E+43   69.367  159.230
    588017114517536797  123   0.185   0.000   19.66   19.66     9.52    11.08    10.65  1.491E+44   97.425  357.869
    588017116132540589  126   0.332   0.000    6.02    6.02     6.93    10.25    12.66  1.773E+44  102.047  181.748
    588018090541842668  127   0.187   0.000    2.02    2.02     1.18   -99.00   -99.00 -9.900E+01   55.631  354.896
    588018090013098618  129   0.314   0.000    4.20    4.20     4.44   -99.00   -99.00 -9.900E+01   65.385  450.000
    588016878295515268  137   0.272   0.167    6.13    9.18     5.31     8.63     7.52  1.053E+44   98.528  450.000
    587735661007863875  138   0.300   0.200   12.50   20.29     6.44    13.74    14.87  2.083E+44  123.108  450.000
    588016892783820948  140   0.283   0.134    6.09    8.42     4.84     4.77     6.46  9.044E+43   84.950  450.000
    587735663159738526  141   0.287   0.201    9.23   15.02     7.77     8.66    13.96  1.955E+44   95.519  248.410
    588018055114784812  144   0.301   0.130   22.97   31.50    18.17    22.11    22.61  3.166E+44  102.542  450.000
    588018055652769997  145   0.269   0.183   13.59   21.17     8.93     7.42     8.81  1.234E+44  146.110  450.000
    588017570848768137  148   0.263   0.098   11.83   15.01     8.71    12.44     9.29  1.301E+44   79.828  187.700
    587736915687964980  149   0.312   0.000   10.64   10.64     5.43     4.31     3.93  5.510E+43   75.906    6.903
    587736915687375248  150   0.297   0.000    3.44    3.44     3.54     5.82     4.72  6.616E+43   89.424  132.051
    587738410863493299  151   0.144   0.000    7.99    7.99     2.96   -99.00   -99.00 -9.900E+01   70.909    6.903
    587735349111947338  152   0.196   0.000    7.47    7.47     5.35   -99.00   -99.00 -9.900E+01  141.592  326.948
    587738570859413642  155   0.192   0.092   15.04   18.81     5.87     5.17     4.58  6.410E+43  115.619  412.626
    587736940372361382  157   0.191   0.245    2.16    3.92     0.63   -99.00     2.21  3.094E+43   58.928  450.000
    587739153352229578  159   0.265   0.126    4.64    6.29     3.44     5.08     4.72  6.615E+43   83.035  450.000
    587738947196944678  160   0.141   0.015    3.82    3.96     1.09     1.91     1.96  2.741E+43   51.458  450.000
    587738371672178952  161   0.216   0.159   25.46   37.41    13.72     5.59     6.46  9.047E+43  149.252  314.205
    588017978880950451  164   0.321   0.105    3.44    4.43     3.92   -99.00   -99.00 -9.900E+01   66.766  450.000
    587739408388980778  179   0.194   0.039   18.53   20.38    13.21     9.74    13.39  1.875E+44  112.774  450.000
    588017977277874181  184   0.247   0.091   19.40   24.18    13.16     6.59    11.12  1.557E+44   98.023  446.473
    587739406242742472  187   0.342   0.040   14.16   15.61     6.97   -99.00   -99.00 -9.900E+01  121.736  377.202
    587739828742389914  192   0.149   0.035    8.21    8.94     3.10     2.03     3.23  4.529E+43   49.261  372.513
    587739652107600089  195   0.233   0.046    6.52    7.29     3.56   -99.00   -99.00 -9.900E+01   85.791  256.235
    587739721387409964  197   0.292   0.157    6.77    9.89     5.10   -99.00   -99.00 -9.900E+01   72.646  450.000
    587741600420003946  200   0.343   0.199   11.38   18.45     8.27   -99.00     7.60  1.064E+44   88.781  450.000
    587741421099286852  203   0.297   0.000    4.53    4.53     3.19   -99.00     4.07  5.707E+43   85.110    6.903
    587741532770074773  205   0.237   0.048    6.68    7.50     4.34   -99.00   -99.00 -9.900E+01   87.097  163.542
    587741817851084830  208   0.262   0.182   16.85   26.17     9.61    13.15    12.29  1.721E+44  117.973  144.748
    587741391573287017  210   0.237   0.463    1.03    3.15     1.13   -99.00   -99.00 -9.900E+01   73.775   27.801
    587741392649781464  213   0.222   0.078    3.74    4.51     1.37     2.94     2.45  3.426E+43   69.504  173.057
    587739648351076573  215   0.256   0.127    4.53    6.17     3.04   -99.00   -99.00 -9.900E+01   83.639  135.804
    587741490367889543  216   0.192   0.100    9.99   12.74     6.79     2.45     3.99  5.581E+43   83.066  162.367
    587741532781215844  217   0.280   0.256    2.46    4.57     2.26     5.69     5.76  8.060E+43   69.460   71.839
    587742014876745993  219   0.288   0.179    8.03   12.38     5.47   -99.00     6.15  8.609E+43   64.418  211.263
    588023240745943289  220   0.317   0.297    7.01   14.38     3.77     3.28     3.19  4.473E+43   62.674  281.897
    587745243087372534  227   0.301   0.093   14.96   18.73     6.34     5.86     6.92  9.696E+43   95.500   79.454
    587742628534026489  229   0.299   0.141   10.06   14.14     9.60   -99.00   -99.00 -9.900E+01   83.470  450.000
    587744874785145599  230   0.330   0.537    5.91   21.67     1.53   -99.00   -99.00 -9.900E+01   70.119  269.479
    587742013825941802  240   0.283   0.140    6.91    9.70     5.34    10.24     7.70  1.078E+44  112.476  450.000
    587742062151467120  241   0.274   0.202    5.42    8.83     3.05     5.02     2.73  3.819E+43   54.611    6.903
    587741727655919734  242   0.312   0.082    5.90    7.20     3.50    10.74     7.04  9.864E+43   68.533  117.932
