       SDSSID          z      BPT Type     F_Ha     Ha_s/n       F_Hb    Hb_s/n      F_NII   NII_s/N      FOIII  OIII_S/N      F_SII   SII_S/N       F_OI    OI_S/N
  587725073921409255   0.300    SB         395.2     86.15      119.8     35.27       40.7      8.93      451.5    130.18       41.7      5.42        7.2      1.65
  588848899919446344   0.225    SB         307.6     89.05       98.5     38.49       17.2      4.70      574.7    205.92       23.5      4.09        5.9      1.69
  587725576962244831   0.347    SB         465.7     77.70      129.2     29.11       32.4      4.94      727.2    145.81       35.4      2.97        8.7      1.38
  587731187273892048   0.277    SB         414.2     85.69      124.2     34.68       36.5      7.16      537.4    138.70       47.6      5.93       11.1      2.28
  587731513693503653   0.304    SB         479.1     64.68      151.4     27.60       59.4      7.81      570.1     98.58       46.3      3.75       10.4      1.43
  587724233716596882   0.280    SB         517.0    103.82      159.4     43.21       53.3     10.07      603.7    149.91       53.7      5.59       13.3      2.63
  587727179006148758   0.165    SB        1472.9    250.33      518.3    118.91       43.8      7.59     2985.9    680.12       49.3      5.65       10.9      1.98
  587724241767825591   0.162    SB        1769.6    366.14      586.5    163.82      142.9     29.86     2925.0    803.86      149.9     18.82       36.2      7.91
  587724240158589061   0.261    SB        1373.4    170.32      431.4     72.23      138.6     16.47     1762.8    275.40      152.6     10.35       35.1      4.36
  587726032778559604   0.303    SB         335.5     58.34      111.8     26.25       25.9      4.17      521.7    110.49       34.5      3.73        5.6      0.94
  587726032253419628   0.239    SB        1854.3    305.57      664.6    147.85      103.6     16.42     3863.1    804.95      151.9     14.92       39.8      6.59
  588010360138367359   0.219    SB         440.4    151.15      135.3     62.69       20.9      6.34      781.5    312.38       36.1      6.61       10.2      3.25
  587726102030451047   0.231    SB         602.1    119.21      187.8     50.19       36.2      6.30     1050.2    240.50       50.0      4.47        9.6      1.75
  587729155743875234   0.241    SB         346.9    108.97      115.2     48.86       16.6      4.67      695.5    256.96       25.0      4.19        5.6      1.65
  587728919520608387   0.230    SB         758.5    154.01      231.7     63.50       44.8      8.57     1212.8    305.14       63.6      6.90       15.8      3.17
  587729229297090692   0.214    SB         379.3    164.04      108.4     63.28       19.7      7.15      718.3    342.85       27.6      6.35        6.5      2.45
  587725818034913419   0.294    SB         770.4    116.01      423.9     86.17      111.7     16.32      751.3    144.37       97.5      8.57       19.2      2.93
  587730774416883967   0.294    SB         868.9    185.07      269.3     77.44       49.7      8.67     1305.8    299.83       89.8      8.99       20.4      3.72
  587730774965354630   0.214    SB         316.0     99.86      116.0     49.48       21.0      6.32      600.9    238.23       24.1      4.30        5.6      1.75
  587728906099687546   0.273    SB        1897.1    243.10      525.3     90.88      246.8     27.48     2214.5    324.20      228.5     15.26       52.3      6.09
  587725550133444775   0.334    SB         129.0     44.75       65.5     30.69        9.1      3.22      395.7    183.68       12.1      2.34        2.7      0.99
  588009371762098262   0.205    SB         417.7    136.77      125.8     55.59       23.0      6.73      718.3    276.19       25.0      4.48        5.7      1.76
  588011122502336742   0.262    SB         353.1    100.05       86.5     33.09       13.2      3.18      510.5    161.50       16.6      2.42        5.5      1.39
  588011103712706632   0.279    SB         693.4    131.82      186.8     47.93      116.3     20.08      667.8    151.58       67.8      7.84       11.5      2.08
  588013384341913605   0.181    SB        1840.9    175.55      624.7     80.43       84.6      8.36     3280.8    426.15      136.5      8.17       27.4      2.83
  587732134315425958   0.348    SB         538.6     96.50      165.5     40.04       26.3      4.56      889.4    203.05       37.4      4.74        8.0      1.46
  587729777439801619   0.274    SB         273.7     64.21       75.4     23.86       23.5      5.07      406.0    114.98       23.3      3.01        4.4      0.98
  587729777446945029   0.294    SB         687.1    137.20      210.1     56.63       18.4      3.04     1439.7    312.17       29.1      3.20        5.9      1.01
  587732152555864324   0.155    SB         496.4    294.38      156.5    125.28        7.1      4.76      938.8    827.71       22.3      8.48        4.7      3.27
  587732578845786234   0.253    SB         320.5    116.99      102.4     50.48       14.1      4.32      633.5    255.95       29.8      6.05        8.2      2.62
  587733080270569500   0.253    SB        1498.5    219.06      484.4     95.60      125.3     17.64     2127.8    393.79      136.2      9.86       32.2      4.74
  588297864714387604   0.306    SB         630.5     94.87      188.5     38.29       76.8     10.58      741.7    134.36       67.2      4.28       18.6      2.67
  587735695911747673   0.229    SB         208.9     43.12       66.2     18.45       27.7      4.87      139.0     32.10       51.4      4.73       13.6      2.49
  587735696987717870   0.227    SB         268.1    127.44       85.0     54.55       14.1      5.39      492.6    247.98       22.9      5.03        3.5      1.42
  587733441055359356   0.291    SB         309.3     71.83      136.9     42.90       16.0      3.29      753.9    203.59       16.3      1.89        3.9      0.84
  588017605211390138   0.237    SB         495.2    186.55      152.1     77.37       22.2      7.15     1013.9    429.68       27.0      5.64        7.5      2.51
  588017114517536797   0.185    SB        2583.3    252.71      919.4    121.42      129.9     12.75     6099.3    787.08      124.4      7.72       36.5      3.74
  588017116132540589   0.332    SB         208.4     54.87       86.9     30.90       16.4      3.48      504.1    140.43       25.6      2.64        5.3      1.17
  588018090541842668   0.187    SB         257.5     95.75      104.3     52.35       10.3      3.09      641.6    252.94       23.4      4.25        5.4      1.68
  588018090013098618   0.314    SB         165.9     49.38       68.5     27.53       10.7      3.31      329.0    133.76       19.3      3.65        2.3      0.73
  588016878295515268   0.272    SB         337.2     89.89       98.5     35.44       18.2      3.98      435.5    124.91       43.3      5.29        8.4      1.93
  587735661007863875   0.300    SB         547.4    102.10      154.2     38.82       89.0     15.86      538.0    126.06       50.8      5.59        7.0      1.31
  588016892783820948   0.283    SB         304.7     74.62       92.3     30.52       32.6      7.49      370.9    111.87       33.2      4.10        5.6      1.34
  587735663159738526   0.287    SB         449.6     92.25      126.5     35.03       31.3      5.96      571.1    142.87       54.2      6.26       13.5      2.69
  588018055114784812   0.301    SB        1002.1    159.75      304.7     65.58       87.9     13.25     1267.7    251.35      110.1     10.45       36.8      5.80
  588018055652769997   0.269    SB         768.0    117.30      220.3     45.43       95.8     12.35     1004.0    170.26       74.9      6.68       11.7      1.58
  588017570848768137   0.263    SB         699.5    201.23      220.3     85.55       31.7      6.97     1473.0    426.68       57.5      7.71       16.4      3.76
  587736915687964980   0.312    SB         425.5    111.79      166.9     59.19       20.8      5.39     1074.4    366.35       22.2      3.34        8.3      2.25
  587736915687375248   0.297    SB         154.3     51.74      138.6     62.74       10.6      3.21      481.6    192.08       16.8      2.72        6.7      2.11
  587738410863493299   0.144    SB        1819.9    484.54      650.4    233.76       44.9     11.16     4534.7   1480.84       62.1      9.89       16.0      4.14
  587735349111947338   0.196    SB         863.6    162.46      359.9     91.41       74.8      8.90     1957.5    306.43       59.8      4.15       15.5      1.93
  587738570859413642   0.192    SB        1811.7    236.04      574.4    101.03      107.1     13.60     3800.4    634.32       94.4      7.62       26.5      3.52
  587736940372361382   0.191    SB         263.8    101.53       70.7     36.74       11.0      4.64      372.5    206.21        0.0      0.00        1.9      0.84
  587739153352229578   0.265    SB         271.4     59.26       83.0     24.46       17.8      3.58      400.0    105.74       30.2      3.13        4.2      0.88
  587738947196944678   0.141    SB         910.4    260.80      314.3    121.55       14.3      4.54     2045.1    855.01       29.3      5.07        4.7      1.56
  587738371672178952   0.216    SB        2352.7    280.05      693.3    111.41      203.5     21.40     3883.8    537.00      192.2     13.40       56.0      6.16
  588017978880950451   0.321    SB         129.0     41.98       40.3     17.72       12.1      3.35      160.8     58.31       22.4      4.05        5.1      1.47
  587739408388980778   0.194    SB        2172.4    291.55      730.0    132.27      166.3     21.77     3601.8    620.05      181.0     13.85       47.2      6.46
  588017977277874181   0.247    SB        1329.5    253.38      422.1    108.60       57.9      9.87     2447.9    548.36       92.9      8.82       25.8      4.59
  587739406242742472   0.342    SB         458.4     74.17      153.9     33.61       24.1      3.20      926.9    161.53       25.9      2.31        0.4      0.05
  587739828742389914   0.149    SB        1738.1    464.29      586.7    211.56       37.3     10.70     3932.6   1483.92       66.5     11.96       18.3      5.48
  587739652107600089   0.233    SB         508.4    132.71      169.6     59.76       22.7      5.51      992.4    315.94       36.0      3.66        6.8      1.71
  587739721387409964   0.292    SB         315.4    112.04       93.2     44.68       20.6      6.63      457.8    193.36       30.8      6.28        8.3      2.79
  587741600420003946   0.343    SB         366.9     94.20      103.4     35.85       47.1     11.36      383.4    121.51       39.9      5.04        8.3      2.10
  587741421099286852   0.297    SB         202.9     84.13       87.1     48.77       13.5      3.73      463.8    169.14       11.8      2.08        2.6      0.76
  587741532770074773   0.237    SB         504.3    167.17      167.9     75.14       27.1      7.88      979.2    374.31       41.3      6.93        7.6      2.32
  587741817851084830   0.262    SB        1007.1    144.70      289.4     56.13      137.8     19.22     1012.8    185.74       91.4      7.70       11.4      1.67
  587741391573287017   0.237    SB          77.6     23.38       16.4      6.66       18.0      4.72       27.2      9.39       21.4      2.78        3.5      0.96
  587741392649781464   0.222    SB         326.1    129.46      105.1     56.32       11.0      3.75      748.2    335.14       17.3      3.10        3.4      1.20
  587739648351076573   0.256    SB         287.3    121.10       87.7     49.89       30.3     11.61      389.1    196.30       28.5      6.86        9.4      3.77
  587741490367889543   0.192    SB        1199.0    332.12      376.8    140.90       77.5     20.60     1974.7    689.84      105.3     17.51       22.8      6.32
  587741532781215844   0.280    SB         126.2     44.61       33.4     15.95       10.2      3.02      160.9     63.02       13.8      2.35        5.5      1.73
  587742014876745993   0.288    SB         386.0    126.76      111.3     49.33       18.0      4.94      763.3    275.41       30.6      4.17        6.8      1.95
  588023240745943289   0.317    SB         269.7    106.07       68.3     36.27       15.1      5.38      367.8    172.19       29.3      7.07        4.7      1.76
  587745243087372534   0.301    SB         649.8    109.52      205.9     46.85       29.1      4.57     1240.9    256.46       34.4      2.82        9.6      1.58
  587742628534026489   0.299    SB         443.9     94.13      133.5     38.21       45.4      9.00      518.4    135.07       56.6      6.34       17.1      3.53
  587744874785145599   0.330    SB         207.2     77.81       40.3     20.44        9.7      3.90      216.2    113.84        9.8      2.15        0.0      0.00
  587742013825941802   0.283    SB         346.2     67.58      104.1     27.44       45.2      7.90      408.0     93.89       28.1      2.15        5.3      0.96
  587742062151467120   0.274    SB         292.6    142.99       82.3     54.28        9.0      4.05      596.0    351.16       19.9      4.42        1.6      0.76
  587741727655919734   0.312    SB         236.7     99.89       75.9     43.22        9.7      3.82      454.8    236.69       17.5      4.61        3.6      1.48
